4e-06
4e-06
4e-06
4e-06
4e-06
4e-06
4e-06
4e-06
4e-06
4e-06
4e-06
4e-06
4e-06
4e-06
4e-06
4e-06
4e-07
4e-07
4e-07
4e-07
4e-07
4e-07
4e-07
4e-07
4e-07
4e-07
4e-07
4e-07
4e-07
4e-07
4e-07
4e-07
1e-06
1e-06
1e-06
1e-06
1e-06
1e-06
1e-06
1e-06
1e-06
1e-06
1e-06
1e-06
1e-06
1e-06
1e-06
1e-06
4e-07
4e-07
4e-07
4e-07
4e-07
4e-07
4e-07
4e-07
4e-07
4e-07
4e-07
4e-07
4e-07
4e-07
4e-07
4e-07
2.8e-06
2.8e-06
2.8e-06
2.8e-06
2.8e-06
2.8e-06
2.8e-06
2.8e-06
2.8e-06
2.8e-06
2.8e-06
2.8e-06
2.8e-06
2.8e-06
2.8e-06
2.8e-06
2.3e-05
2.3e-05
2.3e-05
2.3e-05
2.3e-05
2.3e-05
2.3e-05
2.3e-05
2.3e-05
2.3e-05
2.3e-05
2.3e-05
2.3e-05
2.3e-05
2.3e-05
2.3e-05
1e-06
1e-06
1e-06
1e-06
1e-06
1e-06
1e-06
1e-06
1e-06
1e-06
1e-06
1e-06
1e-06
1e-06
1e-06
1e-06
2.2e-05
2.2e-05
2.2e-05
2.2e-05
2.2e-05
2.2e-05
2.2e-05
2.2e-05
2.2e-05
2.2e-05
2.2e-05
2.2e-05
2.2e-05
2.2e-05
2.2e-05
2.2e-05
5e-07
5e-07
5e-07
5e-07
5e-07
5e-07
5e-07
5e-07
5e-07
5e-07
5e-07
5e-07
5e-07
5e-07
5e-07
5e-07
1e-12
1e-12
1e-12
1e-12
1e-12
1e-12
1e-12
1e-12
1e-12
1e-12
1e-12
1e-12
1e-12
1e-12
1e-12
1e-12